9.704302816302328161e-01
9.603371752971525677e-01
7.178546944088562975e-01
9.435794255324478907e-01
8.032918570997320540e-01
8.650181835782486672e-01
7.905176809325230591e-01
8.564441277016059395e-01
7.844938039926574458e-01
8.746636092273365470e-01
7.326472517533834106e-01
-5.122091357717960536e-01
-5.795600587632204759e-01
-5.231343794145222326e-01
-5.293862852449474632e-01
-6.229290051257571070e-01
-5.008817715118081271e-01
-4.486266845651777913e-01
-5.305885265210493751e-01
-7.424185219888745912e-01
-4.601974819058747279e-01
-5.668573141707332619e-01
-6.278121561304769171e-01
-4.891000381507326633e-01
-5.951564111951330727e-01
-7.046998071563241872e-01
-6.728937050938570419e-01
-4.494633255178863140e-01
-5.498342676943234197e-01
-6.548832225085861047e-01
-5.351272855160481567e-01
-5.163140862790968066e-01
-5.719830094059376036e-01
-3.511653586016691975e-01
-5.604772774185697859e-01
-5.078676536231568894e-01
-4.740585188640102920e-01
-3.969620290833794085e-01
-6.191897209726197060e-01
2.426086869572917359e-01
3.414327733510335583e-01
3.159564427065802428e-01
3.898590112168892619e-01
3.634384081063907757e-01
3.695350375649182340e-01
3.689696074395401038e-01
2.295187660004330832e-01
2.572411980235537743e-01
4.086355101663284306e-01
2.583012783196758644e-01
4.465578545852993964e-01
3.776734070519967013e-01
3.672233132565869695e-01
2.962897803680897280e-01
3.532404794744050669e-01
3.112566315956102891e-01
1.593278477834335904e-01
3.327949432558733878e-01
4.276946165671633993e-01
3.994371486973503638e-01
3.140999235083657415e-01
4.425997228963962082e-01
4.872088271355420330e-01
-1.218817458498555883e-01
-8.139904782198026378e-02
-1.725087819021148272e-01
-7.534892219177295736e-02
-7.851026517821552142e-02
-6.653237878366513591e-02
-9.172717910870928359e-02
-4.461963160864725053e-02
-1.855039545190994565e-01
-1.011278181666087350e-01
-3.160967742490089494e-02
-2.540340151395522467e-02
-7.759245853184876252e-02
-9.130459739559811105e-02
8.543386755497611729e-01
8.430696953384476666e-01
9.335789162151696408e-01
7.566352439905900118e-01
1.000000000000000000e+00
8.221371867805620237e-01
8.829836686367263932e-01
8.277448089274720422e-01
9.142568688154326662e-01
8.091512327787178105e-01
-1.073740448816254078e+00
-1.053993277834690989e+00
-9.899868433671400458e-01
-1.029480653946310831e+00
-1.043273563136714044e+00
-1.078412749265690307e+00
-1.011283758925925813e+00
-1.167515356194532394e+00
-9.014849410854359757e-01
-1.046885707921836550e+00
-1.194535884706605877e+00
-1.008822544561227108e+00
-1.006486741825002973e+00
-9.865457639512670296e-01
-8.844574331910499965e-02
-2.007932735825283810e-02
-1.528758097163907814e-01
-1.599539879130210673e-01
-1.107947153633477289e-01
-2.895334026508942019e-02
-1.301707155626490586e-01
-8.933551375582307608e-02
-8.241562726950875384e-02
-1.669171133851051619e-02
-1.221172150705378129e-01
1.316584045985028789e-02
-8.142252382970549540e-02
-2.841198221281164213e-02
-5.329516860411550594e-01
-5.871546990512077624e-01
-5.468896000336105345e-01
-4.975402121785790222e-01
-5.850476613247148627e-01
-5.814001964052692983e-01
-4.650328885669098300e-01
-5.306983128311238973e-01
-5.814908163011542896e-01
-5.883654257719371783e-01
-6.302425679952224913e-01
-5.767353660867006182e-01
-5.440641980916354203e-01
2.210113879567609796e-01
5.317707769257388195e-01
4.264255282674963010e-01
2.639262613368201227e-01
4.099077309470504638e-01
3.700842658575328459e-01
4.725604724669235646e-01
3.095193746020251102e-01
4.364684204060893524e-01
3.563104655298962031e-01
4.524909647497426524e-01
3.635699770912642625e-01
3.753084697397981451e-01
8.006376453686896433e-01
7.696204001866819855e-01
8.069301100486272471e-01
8.844612896224568477e-01
8.525523053690650110e-01
8.292666900503589122e-01
8.563278526288949921e-01
8.511974656772364201e-01
7.618051463439496906e-01
7.454551599114119798e-01
7.829759647561561620e-01
8.332320471148554342e-01
-9.781851181113575266e-02
-1.787354650714805537e-01
-1.817136871912033158e-01
-1.177560046692778528e-01
-1.409039713654088588e-01
-1.991742206519472869e-02
-1.879750458584983908e-01
-1.435806186738262935e-01
-2.167203445529758687e-01
-6.765363187342086915e-02
-1.377059371136082899e-01
