7.622610210350475590e+00
8.060947225965529483e+00
8.100210916899735381e+00
7.997993859072588307e+00
8.651314143764068376e+00
7.729330735034917410e+00
8.012939652121303880e+00
7.729535549394745964e+00
8.409956007083975393e+00
8.311030093422157705e+00
2.047973621186737869e+00
1.699458600798162244e+00
2.053415071213214205e+00
2.427822419150563960e+00
1.525149148424049583e+00
1.980803123862186377e+00
1.547506936473165728e+00
1.762908436356267927e+00
2.074877912668605884e+00
1.148875062534372660e+00
2.110018506711624386e+00
3.088288095885382001e-01
-1.140440999000851517e-02
-6.887141486799758759e-03
2.865981834011052665e-01
-3.724215960534458083e-04
2.059683942472034963e-03
2.188793229040836286e-01
7.252995878885560854e-01
-3.762945811369657750e-02
4.108508069784130301e-01
1.348951160128786242e-02
2.697725465191712080e-01
3.019976302837805715e-01
4.936511917981381004e-01
8.116987858053210936e-02
2.257758942757164267e-01
2.442851090676645132e-01
2.463656166155858418e-01
-1.851726837422302818e-01
1.723340268216461968e-01
7.409393282247697776e+00
8.095239408118224844e+00
7.776381548146404477e+00
8.044124850987472541e+00
8.548914197525975922e+00
7.760038448591475735e+00
8.011502082869251140e+00
7.708963060882975782e+00
8.341229949017492373e+00
7.933299056084770484e+00
1.275100665186110760e+00
2.145441958214177713e+00
2.256337612697417505e+00
2.232986559097292822e+00
2.330732621863980114e+00
2.031871383417651167e+00
2.406806187230455141e+00
1.635554835246194605e+00
1.644997409144323797e+00
2.053353372754124440e+00
2.184912337057521636e+00
8.391156652882035161e+00
8.699857340461448985e+00
7.414368655924499230e+00
7.964222212278887270e+00
7.472121661463190456e+00
8.427854177726386453e+00
6.983847705766049963e+00
8.425170010629859263e+00
7.383699604685013185e+00
7.762550463583667515e+00
8.183894967117044672e+00
7.465503296418640744e+00
8.748004547458128499e+00
8.032640276447878591e+00
8.102473477084792819e+00
7.938884937183769530e+00
7.808153668999541885e+00
7.856558420106922291e+00
8.225263939220219811e+00
8.226678235523976923e+00
8.044444549845502834e+00
3.282531758564942947e+00
3.926824551242782402e+00
4.315678613363751914e+00
3.502556383271879348e+00
4.690019128989099784e+00
3.779369058452495267e+00
3.796770737435486875e+00
4.067924308661571509e+00
4.221302630276139389e+00
7.946961298080198688e+00
7.815598679155043804e+00
7.597639629853934373e+00
7.578346772479305216e+00
7.843611763714572582e+00
8.405203199644388334e+00
8.149686084948607245e+00
8.032036265870495129e+00
8.481742175729714006e+00
8.374562853452323097e+00
-9.052018626648559996e-02
4.001422691000682264e-01
-2.288468291964591284e-01
2.814249533347938370e-01
-5.725502463054329971e-02
3.153642927387610012e-02
-2.859663729489998925e-03
4.831287146871758309e-01
-2.392149245311962213e-01
5.055554137906800305e-01
-7.822634938344215083e-01
2.121227376831341438e+00
1.498049315099974965e+00
2.581149960932555221e+00
1.972398092932000191e+00
2.055704235214523390e+00
2.163209767860204913e+00
1.738488555867779395e+00
1.878402074793396270e+00
2.075704338853808562e+00
1.863455975661434838e+00
2.132008360261437918e+00
7.897862943926846846e+00
8.801082567041239813e+00
7.886152804683121076e+00
8.086405153196906781e+00
7.778328347730189662e+00
7.448472226284986952e+00
8.263369018951252087e+00
8.133066158091795117e+00
7.861029867346211120e+00
7.744068485120935819e+00
7.847644514966234830e+00
7.670043976635904315e+00
6.550068826677192035e+00
7.720729309314442013e+00
7.665853790799803669e+00
9.029455064178202761e+00
8.420745913531510141e+00
8.036259479676221673e+00
8.550428572265868610e+00
7.880764797035548774e+00
8.282237374458460977e+00
