6.758827979049388812e-01
7.768694608545178015e-01
7.859152611891426776e-01
7.623658934680442867e-01
9.128816679473822360e-01
7.004697008407716474e-01
7.658091932838424487e-01
7.005168871791058738e-01
8.572761591019780747e-01
8.344850245546768797e-01
-6.084348075939817191e-01
-6.887277503368213205e-01
-6.071811742931076950e-01
-5.209230046540653802e-01
-7.288861884535078328e-01
-6.239099423232540298e-01
-7.237352695815386650e-01
-6.741098035756476481e-01
-6.022364384875892318e-01
-8.155744281749099933e-01
-5.941405414949729735e-01
-1.009109230818176162e+00
-1.082886445743683312e+00
-1.081845730824487761e+00
-1.014230853391616005e+00
-1.080344831291979446e+00
-1.079784508495757578e+00
-1.029832323257779736e+00
-9.131602403877902008e-01
-1.088928326765269627e+00
-9.856048022692943666e-01
-1.077151237491407398e+00
-1.018107242699791914e+00
-1.010683038134060130e+00
-9.665287620171331140e-01
-1.061558635988551158e+00
-1.028243450532446257e+00
-1.023979188631057191e+00
-1.023499869050411792e+00
-1.122920203942549655e+00
-1.040555702666589033e+00
6.267606264103707803e-01
7.847698957196880265e-01
7.113095442396374368e-01
7.729938230429660440e-01
8.892901653171715326e-01
7.075443247224374455e-01
7.654779976139535203e-01
6.957772761278760987e-01
8.414426451285467179e-01
7.474611237790119711e-01
-7.864938305148825304e-01
-5.859794781351296278e-01
-5.604306842096199448e-01
-5.658104374484025367e-01
-5.432911238982628399e-01
-6.121445359545653053e-01
-5.257648479248377971e-01
-7.034502761630975209e-01
-7.012748403827337995e-01
-6.071953887474446088e-01
-5.768860598228475745e-01
8.529450531747333475e-01
9.240653354651594542e-01
6.279068822971622943e-01
7.545853826042234758e-01
6.412123598107996036e-01
8.613996450538615735e-01
5.287209305349568345e-01
8.607812508315597633e-01
6.208411656677793600e-01
7.081230575291679319e-01
8.051948854793546939e-01
6.396875818974093741e-01
9.351577725437731914e-01
7.703479391298269086e-01
7.864365231284085045e-01
7.487480319609036705e-01
7.186293925424027673e-01
7.297811641498732627e-01
8.147257128873296450e-01
8.150515467983396878e-01
7.730674771485313013e-01
-3.240100338017518622e-01
-1.755740660938825692e-01
-8.598757736697350273e-02
-2.733194650741495035e-01
2.551950504657540786e-04
-2.095457308632436566e-01
-2.055366295836121848e-01
-1.430666730672525699e-01
-1.077304721148214378e-01
7.506087115445396751e-01
7.203446178244267140e-01
6.701299285226413049e-01
6.656851264283162317e-01
7.267984372095447343e-01
8.561811793355708078e-01
7.973136417550973354e-01
7.702087836160936840e-01
8.738146793711293325e-01
8.491220759440518684e-01
-1.101113604181617633e+00
-9.880718982864669098e-01
-1.132982110761914463e+00
-1.015422692598565657e+00
-1.093449780351046341e+00
-1.072993482322765590e+00
-1.080917856781626663e+00
-9.689529922590358613e-01
-1.135370773621082297e+00
-9.637861972525512133e-01
-1.260481500937884691e+00
-5.915581759896615388e-01
-7.351296076410206437e-01
-4.855985026584970221e-01
-6.258463428447489374e-01
-6.066537832099884175e-01
-5.818860255172667584e-01
-6.797357994471112663e-01
-6.475016990300951347e-01
-6.020460415563588796e-01
-6.509450693631538831e-01
-5.890743895396568508e-01
7.392971435828278315e-01
9.473861992627662376e-01
7.365992927448385963e-01
7.827346080474890666e-01
7.117580593921217780e-01
6.357638636669408205e-01
8.235045855501028633e-01
7.934846451339004902e-01
7.308113224964534194e-01
7.038650704936939562e-01
7.277275261910893800e-01
6.868108683111634472e-01
4.287843979203742051e-01
6.984880537309543502e-01
6.858455086229504616e-01
1.000000000000000000e+00
8.597620012892862595e-01
7.711817524824452486e-01
8.896390558876434707e-01
7.353579718139297006e-01
8.278515884043922135e-01
