8.602067290208051276e+00
8.558709347233660836e+00
7.517053663474018599e+00
8.486721444332470554e+00
7.884074430480462858e+00
8.149238241813991479e+00
7.829199153878315443e+00
8.112405832296984087e+00
7.803321797173233598e+00
8.190673039135624833e+00
7.580599497295990474e+00
2.232948290578703698e+00
1.943622350479987437e+00
2.186015654063213631e+00
2.159158731374466900e+00
1.757318130431966274e+00
2.281608355917064124e+00
2.506085638250655556e+00
2.153994146065399296e+00
1.244015338683073457e+00
2.456379833644011690e+00
1.998190771487717399e+00
1.736341101575740176e+00
2.332220298994957641e+00
1.876623575570123936e+00
1.406047307118495571e+00
1.542679887213511014e+00
2.502491597970045056e+00
2.071318335392944299e+00
1.620049276884362843e+00
2.134496555612529711e+00
2.215314253629652175e+00
1.976171821683958552e+00
2.924759778191542203e+00
2.025598118695402849e+00
2.251598419608661139e+00
2.396835622955670431e+00
2.728026546455445178e+00
1.773381338697730403e+00
5.475492957593376175e+00
5.900021240656499799e+00
5.790580078062325775e+00
6.108050561914156518e+00
5.994552995831901931e+00
6.020742882639341431e+00
6.018313909207069656e+00
5.419261305249974292e+00
5.538351264981237421e+00
6.188710602920584058e+00
5.542905155479437518e+00
6.351617322865061865e+00
6.055703671566012858e+00
6.010812182671916304e+00
5.706096075216332331e+00
5.950744757466934765e+00
5.770390640300041341e+00
5.117735320192409176e+00
5.862914869998247624e+00
6.270584668366801395e+00
6.149196302875746589e+00
5.782604847160098593e+00
6.334613989858441485e+00
6.526245677260792633e+00
3.909715794564101010e+00
4.083621275653629645e+00
3.692232289518497801e+00
4.109611391422316906e+00
4.096030901491340970e+00
4.147485478319340224e+00
4.039253713023844838e+00
4.241618207240735572e+00
3.636407656875632721e+00
3.998870469377699521e+00
4.297506338504102352e+00
4.324167244289684575e+00
4.099973613172110731e+00
4.041069038575210826e+00
8.103361235785026651e+00
8.054951976508695211e+00
8.443761279405615383e+00
7.683647059183066119e+00
8.729092818379008634e+00
7.965030154384508343e+00
8.226414331212726694e+00
7.989119364707278237e+00
8.360757672621003778e+00
7.909245123047362824e+00
-1.792766326363849638e-01
-9.444678094662654899e-02
1.805119130425993923e-01
1.085449238105651824e-02
-4.839705519933343303e-02
-1.993478901621193455e-01
8.902467216197665345e-02
-5.821146640965472185e-01
5.606981813353002497e-01
-6.391409846036376352e-02
-6.981893883392301658e-01
9.959755116976171108e-02
1.096316871923556924e-01
1.952940940838087114e-01
4.053350097342463876e+00
4.347038389803904224e+00
3.776571566283714709e+00
3.746165144664414193e+00
3.957343434631044765e+00
4.308917425566405335e+00
3.874108057534140670e+00
4.049527823546627658e+00
4.079254256000778511e+00
4.361590902910966072e+00
3.908704266427406093e+00
4.489852905262541327e+00
4.083520427473631642e+00
4.311242990242411643e+00
2.143842490833519854e+00
1.910997312196350384e+00
2.083968031957942113e+00
2.295963018816119749e+00
1.920048720016235499e+00
1.935717491429063797e+00
2.435607904829588222e+00
2.153522526287058092e+00
1.935328206688721409e+00
1.905796275133766038e+00
1.725900543876417892e+00
1.955756658783796897e+00
2.096105387122662922e+00
5.382715330214502103e+00
6.717674798689790450e+00
6.265132921767631480e+00
5.567068944588634771e+00
6.194175806024666109e+00
6.023102256275687516e+00
6.463319308962364396e+00
5.762927735702191967e+00
6.308275154720822009e+00
5.963932796504024303e+00
6.377104763865022008e+00
5.995118189574550449e+00
6.045544379298949167e+00
7.872672473830178319e+00
7.739428663308095757e+00
7.899703629131386684e+00
8.232761892045122210e+00
8.095687350870932164e+00
7.995657058135084760e+00
8.111906338107031544e+00
8.089867233638518229e+00
7.705855913823333125e+00
7.635619679706726615e+00
7.796801466871666975e+00
8.012691429893562756e+00
4.013086580009082915e+00
3.665483718279125558e+00
3.652689878546278912e+00
3.927439144039603036e+00
3.828000161940061208e+00
4.347733902189487409e+00
3.625792348382645525e+00
3.816501826588084345e+00
3.502308360356868544e+00
4.142668801874928697e+00
3.841738270124382737e+00
